0.0 0.0
0.01 0.8520739855382656
0.02 0.371223967777609
0.03 -0.3550270861818559
0.04 0.11718771349509055
0.05 0.8861207962441825
0.06 0.39078294856663437
0.07 -0.6510791529495229
0.08 -0.5227270972235102
0.09 0.3592686124846166
0.1 0.26735762235786836
0.11 -0.6001335364923288
0.12 -0.48980351491093166
0.13 0.6180480478497603
0.14 0.9222980412351112
0.15 0.08981596678366421
0.16 -0.17777917280337618
0.17 0.6600693306695632
0.18 0.9721282688815032
0.19 0.009684610707200308
0.2 -0.656159139336753
0.21 0.0033332908388213275
0.22 0.6181708631907453
0.23 0.005583105802107073
0.24 -0.6175144463831769
0.25 0.08904823030363915
0.26 1.057787433339009
0.27 0.7417725884482118
0.28 -0.06802722826837071
0.29 0.2417498805735615
0.3 1.0862390258823575
0.31 0.7759364901140824
0.32 -0.30958269730996857
0.33 -0.37451204227945545
0.34 0.5142282676673133
0.35000000000000003 0.6016036647038835
0.36 -0.2641742749525443
0.37 -0.34786045555845324
0.38 0.7211989609853457
0.39 1.2117763819748069
0.4 0.4499344827553871
0.41000000000000003 0.01754622980678744
0.42 0.7759061348323518
0.43 1.255048123310329
0.44 0.40469826446210166
0.45 -0.41050185565116715
0.46 0.10973261606473753
0.47000000000000003 0.8414093338801344
0.48 0.3677820208729211
0.49 -0.36959237152372254
0.5 0.1682728687882698
0.51 1.2203029309791171
0.52 1.085432592178892
0.53 0.22583281301812552
0.54 0.3601271741823463
0.55 1.2435879398344047
0.56 1.1256911584645408
0.5700000000000001 0.0339860194152698
0.58 -0.22633871411359163
0.59 0.6311846060111319
0.6 0.8940306506875673
0.61 0.06633063385877441
0.62 -0.20397363194857743
0.63 0.7890253939634642
0.64 1.4511348675389406
0.65 0.7930659760754567
0.66 0.21364562607516635
0.67 0.8606560103390227
0.68 1.483896583805361
0.6900000000000001 0.7739751711123802
0.7000000000000001 -0.16361181208739584
0.71 0.1928222655909228
0.72 1.0106239697309878
0.73 0.6954452107522637
0.74 -0.12395954240638057
0.75 0.22859014778595532
0.76 1.3273182908002843
0.77 1.3829748312883683
0.78 0.5096294764308643
0.79 0.46269747102373837
0.8 1.3473178679919475
0.81 1.4217811001264369
0.8200000000000001 0.3616265856027605
0.8300000000000001 -0.08863044784047369
0.84 0.7006802335678166
0.85 1.1279279058800633
0.86 0.3728787656797696
0.87 -0.06944924233523564
0.88 0.8132079674328342
0.89 1.6254278455310787
0.9 1.10045604726052
0.91 0.3979418336730831
0.92 0.9065015426804061
0.93 1.6454335938086384
0.9400000000000001 1.0988499929899629
0.9500000000000001 0.07063483900552137
0.96 0.24500005417496967
0.97 1.1145153518860058
0.98 0.9707023899824336
0.99 0.10451321992258111
1.0 0.26234502795630266
1.01 1.3693955440842593
1.02 1.6176571812452158
1.03 0.7675036807467162
1.04 0.5411432716851372
1.05 1.3894018689766638
1.06 1.6487968395987402
1.07 0.6567386608862483
1.08 0.029405846674096958
1.09 0.7159606671091598
1.1 1.289738903668773
1.11 0.6387582515727337
1.12 0.045613839408575996
1.1300000000000001 0.7879780375094669
1.1400000000000001 1.723096530250733
1.1500000000000001 1.3555742693614738
1.16 0.5591415212212785
1.17 0.9079971225798684
1.18 1.7299402659937426
1.19 1.3633060894596238
1.2 0.27978905462287995
1.21 0.2608411741032393
1.22 1.1453403110839957
1.23 1.1787368613045701
1.24 0.3026130341660738
1.25 0.2639016221520266
1.26 1.3406196192489317
1.27 1.7761689027009937
1.28 0.9855668213919696
1.29 0.5890560169949741
1.3 1.3652250568600686
1.31 1.7950633100481885
1.32 0.9050447397460767
1.33 0.12040868798210724
1.34 0.6735053724996183
1.35 1.369860278422163
1.36 0.8499705497474633
1.37 0.13298413622115213
1.3800000000000001 0.7106045669587379
1.3900000000000001 1.7366817980794564
1.4000000000000001 1.5450198972957407
1.41 0.6879300367304971
1.42 0.8625287249541437
1.43 1.7318438636650058
1.44 1.5548462988617353
1.45 0.45355638341356125
1.46 0.2375464573002256
1.47 1.0994505789989937
1.48 1.3086025531486103
1.49 0.45953722631778476
1.5 0.23009408137805765
1.51 1.239057525051214
1.52 1.8493785787849741
1.53 1.1526674940994825
1.54 0.6024029453490262
1.55 1.2739764135587932
1.56 1.8533069408681926
1.57 1.0953570484601511
1.58 0.17935333703906975
1.59 0.5733655968530482
1.6 1.3632186153092742
1.61 0.9959794444414757
1.62 0.18681680098878473
1.6300000000000001 0.5816934534112652
1.6400000000000001 1.6633070157850764
1.6500000000000001 1.6592354633579491
1.6600000000000001 0.7775190928360244
1.67 0.7705922884317331
1.68 1.6501088459226207
1.69 1.6651539327141407
1.7 0.5843679800207489
1.71 0.17521496826809801
1.72 0.9775971706839958
1.73 1.3538151644094767
1.74 0.5674769814889467
1.75 0.1605061117855896
1.76 1.0669860483446962
1.77 1.8328424002250707
1.78 1.260975152631104
1.79 0.5798247263214178
1.8 1.1188144674285145
1.81 1.8210724842361934
1.82 1.2201454908152722
1.83 0.2038734021984182
1.84 0.41928321323906975
1.85 1.2695899667932764
1.86 1.0702445920921608
1.87 0.2039995877170354
1.8800000000000001 0.4052757634628307
1.8900000000000001 1.5049002861706737
1.9000000000000001 1.692988715254153
1.9100000000000001 0.8240145146578794
1.92 0.6358687377900539
1.93 1.488367761755823
1.94 1.6905072935776322
1.95 0.6677622093703518
1.96 0.07691996670727075
1.97 0.7849784685260969
1.98 1.3126842435436263
1.99 0.6219996929692728
2.0 0.057558646561949534
2.0100000000000002 0.8308697350984074
2.02 1.7270436810668697
2.0300000000000002 1.3063488098437308
2.04 0.5227434889151024
2.05 0.9067918779211612
2.06 1.700864902723321
2.07 1.2758761972521846
2.08 0.19439222551121405
2.09 0.21857827976024835
2.1 1.093642066777817
2.11 1.070511327807114
2.12 0.18430488734523715
2.13 0.18867458877535526
2.14 1.2681407408421432
2.15 1.6455974775372
2.16 0.8265833587845662
2.17 0.46508674132024885
2.18 1.2547810933335826
2.19 1.6319258236407364
2.2 0.7025564599502483
2.21 -0.05141985503855295
2.22 0.5310252213732216
2.23 1.1883684000837875
2.24 0.6222104277877673
2.25 -0.07360205376245965
2.2600000000000002 0.5410859762962652
2.27 1.5373503095269705
2.2800000000000002 1.2884726023527961
2.29 0.4352735873196737
2.3000000000000003 0.6485387402227105
2.31 1.5000077660791369
2.32 1.263104572806579
2.33 0.15405634689546777
2.34 -0.018192543121352767
2.35 0.8446954861026902
2.36 0.998843403210318
2.37 0.13034015572012264
2.38 -0.05784566422917281
2.39 0.9641297714748891
2.4 1.5208875422048598
2.41 0.7874130150474736
2.42 0.2676780665776646
2.43 0.9616312512635595
2.44 1.495041995383883
2.45 0.6908024820023599
2.46 -0.201368451180859
2.47 0.22893148794053106
2.48 0.9886522119835117
2.49 0.5706870856426149
2.5 -0.22541027983053757
2.5100000000000002 0.21140944978146947
2.52 1.2736934232144974
2.5300000000000002 1.2107546925497517
2.54 0.3239406848529732
2.5500000000000003 0.3577194024657469
2.56 1.2302262531130177
2.57 1.1863218866001517
2.58 0.0884766102636404
2.59 -0.2777900724070743
2.6 0.5362165241285736
2.61 0.8614009279008423
2.62 0.04730246821432807
2.63 -0.3216297052757595
2.64 0.607804393138161
2.65 1.3268896722860766
2.66 0.7114685464854562
2.67 0.05524401226016229
2.68 0.6246718429152232
2.69 1.2897093004899483
2.7 0.637532521780475
2.71 -0.3624811394587996
2.72 -0.10504402061762311
2.73 0.725459767849127
2.74 0.4731981399880134
2.75 -0.38836211331956855
2.7600000000000002 -0.14171697261976463
2.77 0.9499869520469054
2.7800000000000002 1.0800006603813825
2.79 0.19722762630525936
2.8000000000000003 0.05029184097325978
2.81 0.9069790276726797
2.82 1.0535694625472005
2.83 0.005295341589882707
2.84 -0.5450288871157598
2.85 0.18507046801180177
2.86 0.6679810761531089
2.87 -0.05744411949431309
2.88 -0.5883505855914444
2.89 0.21712529398052904
2.9 1.0752972645442491
2.91 0.6060676307821652
2.92 -0.1591360238583488
2.93 0.2622681034259548
2.94 1.0293722003349601
2.95 0.5503168493567769
2.96 -0.522963099468215
2.97 -0.45246765240456754
2.98 0.41413518765622875
2.99 0.3382254169660507
3.0 -0.5516415283537486
3.0100000000000002 -0.5000843759746662
3.02 0.5833228175063228
3.0300000000000002 0.9058863298199413
3.04 0.06497727032318146
3.0500000000000003 -0.25638872694072723
3.06 0.5485779880111289
3.0700000000000003 0.875848495807729
3.08 -0.08639034255910039
3.09 -0.8036535959734081
3.1 -0.18942197736813793
3.11 0.4313531693764352
3.12 -0.17493807699241795
3.13 -0.8428555045191002
3.14 -0.1879143836128416
3.15 0.780720232528696
3.16 0.4803042011964214
3.17 -0.36171204630278864
3.18 -0.10562290286672554
3.19 0.7302377423405959
3.2 0.43866513372103577
3.21 -0.6704365056779398
3.22 -0.793761145438395
3.23 0.07253397959144925
3.24 0.17632634433651012
3.25 -0.703850892215738
3.2600000000000002 -0.8447414926105608
3.27 0.19298960992652517
3.2800000000000002 0.7002670327871794
3.29 -0.062307797649906016
3.3000000000000003 -0.5445700975311455
3.31 0.17514729535665913
3.3200000000000003 0.6663655832083337
3.33 -0.17670940148997505
3.34 -1.0373034214966155
3.35 -0.5665706323002412
3.36 0.16643170750494996
3.37 -0.2952968417474385
3.38 -1.0700872235380485
3.39 -0.586402682742095
3.4 0.45978240190149416
3.41 0.3443615013706326
3.42 -0.5389370545285328
3.43 -0.45857381536616254
3.44 0.4102998985127184
3.45 0.3133137628238399
3.46 -0.7927674239080844
3.47 -1.1093131956906372
3.48 -0.2800200874863674
3.49 -0.0006202502577355995
3.5 -0.8337980176523854
3.5100000000000002 -1.1570803949231738
3.52 -0.20062728790572565
3.5300000000000002 0.47636990299476756
3.54 -0.17422159500878107
3.5500000000000003 -0.7971481666044486
3.56 -0.19251757023649751
3.5700000000000003 0.43966349371282154
3.58 -0.2557552002251271
3.59 -1.2305070891377783
3.6 -0.9254812670785888
3.61 -0.11065991233874506
3.62 -0.4084533293602089
3.63 -1.2560244594119765
3.64 -0.9576805887567442
3.65 0.13011846398573923
3.66 0.2087621601798747
3.67 -0.6783516636958125
3.68 -0.776845304380628
3.69 0.08827587848787077
3.7 0.18544804072164378
3.71 -0.8788989597725334
3.72 -1.3806074413517562
3.73 -0.623850422485311
3.74 -0.18023398102853472
3.75 -0.931287605126047
3.7600000000000002 -1.4199201750858401
3.77 -0.5771995005456001
3.7800000000000002 0.24792234036133642
3.79 -0.26121594793492425
3.8000000000000003 -0.9986942158469205
3.81 -0.5341242558634013
3.8200000000000003 0.21069296093000356
3.83 -0.31433065057055604
3.84 -1.3696471942942334
3.85 -1.246232910636051
3.86 -0.3835764176925188
3.87 -0.5049018066082196
3.88 -1.3885824692131328
3.89 -1.282503946841151
3.9 -0.19066819493496845
3.91 0.08360663079748798
3.92 -0.7694230585397072
3.93 -1.0425136554065861
3.94 -0.2174817622793075
3.95 0.06591180429601706
3.96 -0.9196359166181381
3.97 -1.591300462810937
3.98 -0.9400494534261061
3.99 -0.3504641580163138
4.0 -0.9878639706398153
4.01 -1.6185239607483215
4.0200000000000005 -0.9175959615799753
4.03 0.028272914817192962
4.04 -0.3153146631757286
4.05 -1.1364019744979454
4.0600000000000005 -0.8310232456830665
4.07 -0.00611600064071649
4.08 -0.3446489068056391
4.09 -1.443834144702212
4.1 -1.5109987479870466
4.11 -0.6367276729648592
4.12 -0.5764019340774371
4.13 -1.4584165493477919
4.14 -1.5441279642471153
4.15 -0.4860239712095833
4.16 -0.02214830302830062
4.17 -0.8042835453929653
4.18 -1.2405014982034421
4.19 -0.49003270624892875
4.2 -0.03554281900169465
4.21 -0.9083285086255125
4.22 -1.7281857989296538
4.23 -1.211541190715412
4.24 -0.5003783088149867
4.25 -0.9974544683053295
4.26 -1.7414878931057367
4.2700000000000005 -1.2049435266607023
4.28 -0.17043947490578648
4.29 -0.3307314198688472
4.3 -1.2008960614841917
4.3100000000000005 -1.0672468831353976
4.32 -0.197725702092576
4.33 -0.34094113574546825
4.34 -1.445634421965247
4.3500000000000005 -1.7050456667043652
4.36 -0.8561865066108143
4.37 -0.6165926705141566
4.38 -1.4595762927167142
4.39 -1.72925111899796
4.4 -0.7413793392965781
4.41 -0.10132227881048417
4.42 -0.778319432485524
4.43 -1.359450945531756
4.44 -0.7147948311776257
4.45 -0.11091603058991262
4.46 -0.8414083684098983
4.47 -1.781986240333207
4.48 -1.4240229810457818
4.49 -0.6208573706729129
4.5 -0.9568688506678681
4.51 -1.7814477141704268
4.5200000000000005 -1.4255468684335786
4.53 -0.33801634184682416
4.54 -0.30434805387253494
4.55 -1.1868510546170103
4.5600000000000005 -1.2303879462085294
4.57 -0.35325227427532024
4.58 -0.29992886495602666
4.59 -1.3716060233646532
4.6000000000000005 -1.817554717279568
4.61 -1.030473369731604
4.62 -0.6214737993662791
4.63 -1.3899669004222708
4.64 -1.828763455796917
4.65 -0.9449444540961326
4.66 -0.14901289657943895
4.67 -0.6905696296529175
4.68 -1.392387427250395
4.69 -0.880334078717858
4.7 -0.15448830308450157
4.71 -0.7187388566800268
4.72 -1.7479264230505098
4.73 -1.56673271656741
4.74 -0.7051537107646767
4.75 -0.8661186146469089
4.76 -1.7355589743272515
4.7700000000000005 -1.5696153861329942
4.78 -0.4667856066566864
4.79 -0.23601871362170024
4.8 -1.0933812498661022
4.8100000000000005 -1.31226773274736
4.82 -0.4645717841672278
4.83 -0.22112722439848875
4.84 -1.2226050661017318
4.8500000000000005 -1.842215371711829
4.86 -1.151172293471946
4.87 -0.5897216936431136
4.88 -1.2515851340984503
4.89 -1.838255685415715
4.9 -1.0883207756580437
4.91 -0.16293255149052277
4.92 -0.5439047025673355
4.93 -1.337134639813025
4.94 -0.9789538413704844
4.95 -0.1631817731415668
4.96 -0.5437529955194345
4.97 -1.6260504400072762
4.98 -1.632998710189497
4.99 -0.7492776379674718
