0.0 0.9854585806291094
0.01 1.8715793768732918
0.02 1.4102883399016606
0.03 0.38798521917452866
0.04 0.22028520813287433
0.05 0.46236610712240045
0.06 -0.1563970667639138
0.07 -1.147313551822877
0.08 -0.9860379137842856
0.09 0.15473723128898476
0.1 0.7177666600394794
0.11 0.5402250044652752
0.12 0.9625793681542278
0.13 2.1124522137347226
0.14 2.4665324347664654
0.15 1.553919004238555
0.16 0.8079438981181375
0.17 0.989056361760335
0.18 0.9471578942815171
0.19 -0.019387268797879005
0.2 -0.6465863258882562
0.21 0.09862104375213596
0.22 1.1530751862523236
0.23 1.27667691150979
0.24 1.2030665774393123
0.25 2.0623309043960507
0.26 3.059521699974769
0.27 2.7776707567498424
0.28 1.7263154709916622
0.29 1.4198306569805774
0.3 1.6923090440743291
0.31 1.2076736828958552
0.32 0.1675629178292285
0.33 0.12928515958074382
0.34 1.224996162845545
0.35000000000000003 1.9225442771530385
0.36 1.7708750952045422
0.37 2.0525955999638743
0.38 3.1763621903546793
0.39 3.710211352679662
0.4 2.9031332351669574
0.41000000000000003 2.0426968967604027
0.42 2.134883283018353
0.43 2.2003864820661354
0.44 1.3131203796287276
0.45 0.5388297436429033
0.46 1.1176044680823403
0.47000000000000003 2.22817478299672
0.48 2.472198041295478
0.49 2.330248833440682
0.5 3.059968379146751
0.51 4.135283450192886
0.52 4.04067167767831
0.53 2.9892251049146874
0.54 2.53705357778297
0.55 2.808111009611756
0.56 2.458553720464918
0.5700000000000001 1.3991931958591517
0.58 1.1612335444953044
0.59 2.1765976525723603
0.6 2.996547914100169
0.61 2.8955832394880585
0.62 3.042898231704451
0.63 4.107527873992051
0.64 4.802399063833947
0.65 4.125239367407387
0.66 3.1685615792445345
0.67 3.1477382187602907
0.68 3.297706178152256
0.6900000000000001 2.5092548050991588
0.7000000000000001 1.6113200915803978
0.71 2.003522051453749
0.72 3.1380180766631103
0.73 3.510368938220491
0.74 3.3245532038990917
0.75 3.9112102173292103
0.76 5.029937937535204
0.77 5.1244007468613555
0.78 4.103052501175747
0.79 3.5047925769044093
0.8 3.742775339448487
0.81 3.523385377336603
0.8200000000000001 2.4744830428899363
0.8300000000000001 2.04340721495194
0.84 2.945245630225248
0.85 3.86999324218851
0.86 3.8425213835689673
0.87 3.86758445156228
0.88 4.843535236577922
0.89 5.675760862953726
0.9 5.14918301041261
0.91 4.119361802157612
0.92 3.9664200226594977
0.93 4.174433831865097
0.9400000000000001 3.4997026280388934
0.9500000000000001 2.5053658549715117
0.96 2.6970760439222934
0.97 3.8214715338315832
0.98 4.324613363190792
0.99 4.121414653955076
1.0 4.558044705717632
1.01 5.685101546737993
1.02 5.9645028422524735
1.03 5.0035843218935065
1.04 4.265486487820887
1.05 4.440303883244909
1.06 4.340640917937018
1.07 3.330602329911012
1.08 2.7194775084333394
1.09 3.4780496992687095
1.1 4.485185562410283
1.11 4.551020928102984
1.12 4.471404197751529
1.1300000000000001 5.333787480922821
1.1400000000000001 6.275749709407097
1.1500000000000001 5.915959268615987
1.16 4.8401740538773925
1.17 4.541873706759354
1.18 4.779216895263482
1.19 4.228013490574309
1.2 3.167320435280759
1.21 3.1514330028099056
1.22 4.231211447955598
1.23 4.862040039572596
1.24 4.668869999659996
1.25 4.955312982488897
1.26 6.0566364171969385
1.27 6.511080107996195
1.28 5.639955945041278
1.29 4.774797811631415
1.3 4.8592471671360595
1.31 4.863882388698154
1.32 3.9187896283974286
1.33 3.146729024872504
1.34 3.7369249038491343
1.35 4.800101329428973
1.36 4.975260948302551
1.37 4.813220435285585
1.3800000000000001 5.542765024018577
1.3900000000000001 6.564004320724844
1.4000000000000001 6.382168821507122
1.41 5.290705307624943
1.42 4.840321728194671
1.43 5.077243582239522
1.44 4.654002271723126
1.45 3.5586931991791757
1.46 3.3352308971436724
1.47 4.33674196489466
1.48 5.086669964680641
1.49 4.930734905631513
1.5 5.073600624662754
1.51 6.1174829568434905
1.52 6.731732372660469
1.53 5.977710842335646
1.54 5.004396685275233
1.55 4.975359336779254
1.56 5.064601538529736
1.57 4.207274042103019
1.58 3.2987337946316524
1.59 3.7010739110038484
1.6 4.791015329935876
1.61 5.087032177984551
1.62 4.8685718263791
1.6300000000000001 5.452347313822048
1.6400000000000001 6.520762706333404
1.6500000000000001 6.522609623262468
1.6600000000000001 5.447742139925268
1.67 4.845438015357341
1.68 5.0524428976096045
1.69 4.7561492160964605
1.7 3.658472264871266
1.71 3.2346103966361066
1.72 4.126381476712705
1.73 4.981626706253779
1.74 4.888786694475407
1.75 4.901134439307878
1.76 5.8594427949508034
1.77 6.6135292308423
1.78 6.000832321432502
1.79 4.943730570999817
1.8 4.783189057917468
1.81 4.933964557282231
1.82 4.183136665138197
1.83 3.1669907620399607
1.84 3.3683931233043736
1.85 4.454010196235977
1.86 4.877408944696853
1.87 4.631178867262572
1.8800000000000001 5.063048017335591
1.8900000000000001 6.146140015628583
1.9000000000000001 6.3317470230355415
1.9100000000000001 5.306520517151741
1.92 4.559425969201132
1.93 4.708535699937175
1.94 4.532852181724978
1.95 3.4643445811166185
1.96 2.854141018308216
1.97 3.608090786699353
1.98 4.5501559992401255
1.99 4.54382056554023
2.0 4.4445643614860595
2.0100000000000002 5.293797592845271
2.02 6.163792760470185
2.0300000000000002 5.7126252766555
2.04 4.600668692322983
2.05 4.296503483168129
2.06 4.483353672024785
2.07 3.8530000971085783
2.08 2.761428787201631
2.09 2.755711150465772
2.1 3.8052736115476673
2.11 4.357229022307049
2.12 4.113301053284502
2.13 4.394082907259514
2.14 5.4601894118177405
2.15 5.823974494616335
2.16 4.880933477029382
2.17 4.002930263206263
2.18 4.068868743259236
2.19 4.002456050009441
2.2 2.992740654156472
2.21 2.216582140443764
2.22 2.809087971778582
2.23 3.8154130599323306
2.24 3.9155172622013397
2.25 3.728580421733246
2.2600000000000002 4.450721215718416
2.27 5.409643005501288
2.2800000000000002 5.135397268780896
2.29 4.000981013323568
2.3000000000000003 3.5475148828825414
2.31 3.743671628762521
2.32 3.2425072658937024
2.33 2.1097428488072456
2.34 1.8978408376826055
2.35 2.8801631522788473
2.36 3.556355208381017
2.37 3.3449248202181723
2.38 3.482262731075714
2.39 4.5017396465684465
2.4 5.03265187047744
2.41 4.2025668102749405
2.42 3.213785344046608
2.43 3.1750387654094743
2.44 3.2020597261294266
2.45 2.277704816388159
2.46 1.3614920545552611
2.47 1.7742699555175898
2.48 2.819031890791556
2.49 3.0411343713577956
2.5 2.7943879705681542
2.5100000000000002 3.377517652864439
2.52 4.396334456195987
2.5300000000000002 4.308962919581641
2.54 3.1866848372955303
2.5500000000000003 2.584954080035482
2.56 2.763451201698309
2.57 2.394625876486134
2.58 1.2556064581003101
2.59 0.8455001425609101
2.6 1.7310946081061456
2.61 2.5217677562636487
2.62 2.3718353748482626
2.63 2.379776918894097
2.64 3.3260784670850794
2.65 4.007983374436867
2.66 3.3186262239312647
2.67 2.2446765379870093
2.68 2.084388505109224
2.69 2.1851764300431276
2.7 1.3686652695411927
2.71 0.34277063444114914
2.72 0.5635348012801842
2.73 1.6185657739447126
2.74 1.9731066664769683
2.75 1.6971361527942141
2.7600000000000002 2.1357901070870424
2.77 3.1844861073794872
2.7800000000000002 3.288068617879782
2.79 2.2133632990882823
2.8000000000000003 1.471106785667263
2.81 1.6058854127058049
2.82 1.366887461186234
2.83 0.2558738791447204
2.84 -0.33777204803660665
2.85 0.4243821330596823
2.86 1.3146089295921297
2.87 1.252695484221186
2.88 1.15100357985715
2.89 2.001622268874549
2.9 2.81386917522898
2.91 2.288888760041508
2.92 1.159858029791128
2.93 0.8665264012449093
2.94 1.0183934854751835
2.95 0.3272467021062739
2.96 -0.7747116756042517
2.97 -0.7518329521107028
2.98 0.2839575178001875
2.99 0.7757086599639
3.0 0.5024605133210309
3.0100000000000002 0.7977133147340523
3.02 1.846375678719847
3.0300000000000002 2.1389013570212536
3.04 1.146624684642212
3.0500000000000003 0.2779938183456223
3.06 0.3449605679182114
3.0700000000000003 0.2277357492835178
3.08 -0.8230508235166291
3.09 -1.579515985476629
3.1 -0.9637767731160625
3.11 0.006365436780771505
3.12 0.05531646860075762
3.13 -0.13145750070961298
3.14 0.6057751009427617
3.15 1.5239272268961992
3.16 1.181872128088539
3.17 0.03113142121417778
3.18 -0.40091767792142874
3.19 -0.22276079546325378
3.2 -0.7766721934673397
3.21 -1.9191882194041134
3.22 -2.0934932063367344
3.23 -1.1067424509718142
3.24 -0.4790093977760841
3.25 -0.7176435397625003
3.2600000000000002 -0.5583627450779077
3.27 0.46152604288931215
3.2800000000000002 0.9349020161711208
3.29 0.057925581893966294
3.3000000000000003 -0.9170700419527431
3.31 -0.9390705767218389
3.3200000000000003 -0.9477861645735479
3.33 -1.9094485895293203
3.34 -2.8028264115773935
3.35 -2.3519256728228735
3.36 -1.3255726386211377
3.37 -1.1476428447554552
3.38 -1.3912830575365494
3.39 -0.7797696493646635
3.4 0.21693293189014978
3.41 0.0704642928124955
3.42 -1.0666646324662215
3.43 -1.637040773628326
3.44 -1.4584870457485308
3.45 -1.8694071945189847
3.46 -3.0165189749952104
3.47 -3.380831946010299
3.48 -2.472146038225388
3.49 -1.7157560477442533
3.5 -1.8893573924952984
3.5100000000000002 -1.8527075414473615
3.52 -0.8881447167606853
3.5300000000000002 -0.24785393514213816
3.54 -0.9799790383620327
3.5500000000000003 -2.03626453249103
3.56 -2.16459763296517
3.5700000000000003 -2.082739975067418
3.58 -2.9308567981404483
3.59 -3.931126057327298
3.6 -3.6582995569462633
3.61 -2.6026998258819356
3.62 -2.2832777533633157
3.63 -2.553176087698919
3.64 -2.073996932667571
3.65 -1.0280404654229558
3.66 -0.9727108886870514
3.67 -2.0603720086394595
3.68 -2.762627786295403
3.69 -2.609632904400086
3.7 -2.878142763916492
3.71 -3.9948784097641816
3.72 -4.535899625077489
3.73 -3.7324916842713325
3.74 -2.8607189214246853
3.75 -2.9417008883310753
3.7600000000000002 -3.0091074990519484
3.77 -2.12331157982951
3.7800000000000002 -1.3354191183539061
3.79 -1.8976721092857987
3.8000000000000003 -3.0061033556451076
3.81 -3.2536420504342383
3.8200000000000003 -3.103094212263356
3.83 -3.818688979801579
3.84 -4.892940798444156
3.85 -4.805797550991073
3.86 -3.7502328352899905
3.87 -3.283049786799984
3.88 -3.5475710387314714
3.89 -3.2015022249249245
3.9 -2.1364800403630815
3.91 -1.8799000411320956
3.92 -2.883142588547722
3.93 -3.705019992818952
3.94 -3.6025557908384718
3.95 -3.735538186575478
3.96 -4.7893139615113105
3.97 -5.488202005641494
3.98 -4.814497504410532
3.99 -3.8461751361672327
4.0 -3.8110256413266477
4.01 -3.9595636451847778
4.0200000000000005 -3.1720629301195227
4.03 -2.260582969180264
4.04 -2.633504790803096
4.05 -3.7620242723295796
4.0600000000000005 -4.13662104581868
4.07 -3.9423254731004738
4.08 -4.512611406537195
4.09 -5.626379049079347
4.1 -5.7266728686242505
4.11 -4.7016980918467866
4.12 -4.087118721910229
4.13 -4.315000333225757
4.14 -4.097085282081407
4.15 -3.0429900240832204
4.16 -2.5925088718753315
4.17 -3.478689077472543
4.18 -4.402591331009232
4.19 -4.3736310235212015
4.2 -4.38397662608726
4.21 -5.3458882753908945
4.22 -6.179047659871118
4.23 -5.655805387602168
4.24 -4.614703671792541
4.25 -4.445056782846402
4.26 -4.648498376025264
4.2700000000000005 -3.974257366054925
4.28 -2.967039541486799
4.29 -3.1375412023264806
4.3 -4.25244420442288
4.3100000000000005 -4.756593809643054
4.32 -4.545533433118471
4.33 -4.964400401540052
4.34 -6.083035558511297
4.3500000000000005 -6.366652255544009
4.36 -5.402985928136222
4.37 -4.648121700335892
4.38 -4.8098484623072615
4.39 -4.709723115122302
4.4 -3.6952668273019684
4.41 -3.064803518595302
4.42 -3.804889608194717
4.43 -4.8085564160424
4.44 -4.8731284515564255
4.45 -4.7791909910517125
4.46 -5.625143811129668
4.47 -6.565183156890196
4.48 -6.208743784990569
4.49 -5.122737145791611
4.5 -4.806227828991233
4.51 -5.0362100329403745
4.5200000000000005 -4.485150264978477
4.53 -3.4128556708202193
4.54 -3.374768193929422
4.55 -4.44202616342154
4.5600000000000005 -5.072729826084098
4.57 -4.872815249607172
4.58 -5.141036774698131
4.59 -6.231074810164374
4.6000000000000005 -6.688232242596639
4.61 -5.815621979413203
4.62 -4.934161506261039
4.63 -5.0032573365476765
4.64 -5.0056778633758015
4.65 -4.057248486296743
4.66 -3.2667923352851114
4.67 -3.836518295385699
4.68 -4.893875088783291
4.69 -5.068220378100306
4.7 -4.893040010147125
4.71 -5.6046703217095315
4.72 -6.621490439356757
4.73 -6.443179402439242
4.74 -5.343232292528518
4.75 -4.874097295385542
4.76 -5.101359930604734
4.7700000000000005 -4.678068689024843
4.78 -3.5730250870590767
4.79 -3.327366704800879
4.8 -4.31395305728091
4.8100000000000005 -5.062787179126637
4.82 -4.901691739851223
4.83 -5.0268416493271095
4.84 -6.05729955902707
4.8500000000000005 -6.672950178341054
4.86 -5.919055582287269
4.87 -4.930815840305846
4.88 -4.884998849230068
4.89 -4.970548354944642
4.9 -4.111246510899411
4.91 -3.1861075083829338
4.92 -3.566927952411846
4.93 -4.649073689851787
4.94 -4.9449377602282585
4.95 -0.9430523113650493
